       -0.057276267806759 
        -0.01066580333549 
       0.0224395716956283 
       0.0434266630737877 
       0.0543295957355789 
       0.0736803508460841 
        0.112113279414432 
        0.236968750067791 
         0.34931632165314 
         1.72815010405367 
         2.03671083923993 
         2.94934135155482 
         3.37453702097905 
          3.4036945269574 
         3.65554239749924 
         6.07169724495094 
          6.3575091455723 
         7.17704895932264 
         7.32863471067164 
         7.45506272769709 
         7.59031496237755 
         33.4596162754285 
         33.9629082689111 
         35.6379330955554 
         35.8905018193777 
         36.1099871984509 
         36.7101020497138 
