      -0.0070773080570183 
     -0.00371036102147172 
    -0.000116913698349125 
     0.000141589510169745 
      0.00521923856140677 
      0.00734271547987953 
        0.116104599244852 
        0.140820573800998 
        0.248714828122408 
         1.70952554818685 
         1.97128762080255 
         2.84875708841145 
          3.1290075309239 
         3.36747670031999 
         3.80538330844624 
         6.12316160684386 
         6.34941725791793 
         7.30882881305317 
         7.41911924270267 
         7.50791770600441 
         7.58071589150642 
         32.2890586718654 
         32.3125524484195 
         33.8756999545087 
         34.0968911096066 
         34.5797832148188 
         34.7082687110585 
